0011000100010111011001111101110111101000111111111000011011111011
1001010111111100000100010100101100111100100100011111100111100110
0001011111001010011010110010001110101011100111000111110000000010
1111100100010110011101100101101111111000100110100010010001101101
0011001100111100110101100000110010100000001001000110011010001111
0111100100110000110101110111010011100001001101011110011001101111
1110000011111010100010111001011111100101110001111111101011110111
1011111110010001100000000011010101101111001111100011110111100101
1010000001011100110111100001111001101010010110101111000011110110
0011110010000111110010100011101001010110100110011101111101111001
0011110000000111100101101000110010011001001100111110110111001011
1101011111010011010010111010110100111110110011101011010100101010
0010010011000110110001001011100000001010010010110001000011010111
0100100011100011000100100101000101000110010000101101011001010110
1111110001101111101110101011000001111001101011100001011011010110
0011110011100110011110000110111010011000111011111011011001001010
1000101010010100111010000001100001001000111110111110000011001000
0000111011011100001111111101101000101011010110011101000100110100
0100100110101001011010001101000000101010000011001110011001101100
0010111010000111101111011111010110100001001001111011100110101001
1101110010110100010101000100100000111101111010000011001010100001
0110101111111011110100000010001100000001011000111010111010000000
1100101001100100100011011100100011100100001101000011011111100010
1110001101100101000110000110010000011000100111010111111111000010
1000011110100000001001001000000111011110100001011100001001011111
1100110100010001101100111100010001111011101100011001000100000111
1100101111111101000111010001000011100001100010111100011111011100
0100010100001010100001110101001110000111001110110111000100000101
1000011000010001101110001111000111011011101010000001010101100111
0111001001110010001110001101101101100001001100111001110111000110
1010011001100110000011110100111011101111101101011100110111100111
1110000100111010110111001000010000111000000010101000110111001110
0001111110011100001001110101001100011011011000100011000000000011
1110110101000101000010010001010111010110101001110111110011000010
1111111001100111110111111110111011010101010011010100000111111011
0100010010000100111110010100110011100111010010111111011100110101
0110010110011101101111101000001101101001111010011010100000000010
1000001010111011100011100000001000011111110111101000100000101000
0010100000100100111001111110000101110110010010111100101011011011
0100000100111010101101100101101000001110101111001000001011011011
0110111010111001110011010101010010010111101101110100101000101100
0000011000001111110100011111100110000111001101011101010111100110
0010010011001010011111100001000011000101111000011010111110011111
0101010110001101001000010001111110000101111000001100000010100001
0101111000111110100011001000001010110100001010000111110000010101
0111110001110011100011111101000010011000110001110010111010101001
1011010011001011001111000110011000100010111011001111101110111101
0001111111110000110111110111001010111111100000100010100101100111
1001001000111111001111001100001011111001010011010110010001110101
0111001110001111100000000101111100100010110011101100101101111111
