0001011111001010011010110010001110101011100111000111110000000010
1111100100010110011101100101101111111000100110100010010001101101
1110000011111010100010111001011111100101110001111111101011110111
0011110000000111100101101000110010011001001100111110110111001011
1000101010010100111010000001100001001000111110111110000011001000
0100100110101001011010001101000000101010000011001110011001101100
1101110010110100010101000100100000111101111010000011001010100001
0110101111111011110100000010001100000001011000111010111010000000
1110001101100101000110000110010000011000100111010111111111000010
1100110100010001101100111100010001111011101100011001000100000111
1100101111111101000111010001000011100001100010111100011111011100
1000011000010001101110001111000111011011101010000001010101100111
0111001001110010001110001101101101100001001100111001110111000110
1010011001100110000011110100111011101111101101011100110111100111
1110000100111010110111001000010000111000000010101000110111001110
1111111001100111110111111110111011010101010011010100000111111011
0110010110011101101111101000001101101001111010011010100000000010
0010100000100100111001111110000101110110010010111100101011011011
0100000100111010101101100101101000001110101111001000001011011011
0110111010111001110011010101010010010111101101110100101000101100
0010010011001010011111100001000011000101111000011010111110011111
0101111000111110100011001000001010110100001010000111110000010101
1011010011001011001111000110011000100010111011001111101110111101
0001111111110000110111110111001010111111100000100010100101100111
