0011000100010111011001111101110111101000111111111000011011111011
1001010111111100000100010100101100111100100100011111100111100110
0011001100111100110101100000110010100000001001000110011010001111
0111100100110000110101110111010011100001001101011110011001101111
1011111110010001100000000011010101101111001111100011110111100101
1010000001011100110111100001111001101010010110101111000011110110
0011110010000111110010100011101001010110100110011101111101111001
1101011111010011010010111010110100111110110011101011010100101010
0010010011000110110001001011100000001010010010110001000011010111
0100100011100011000100100101000101000110010000101101011001010110
1111110001101111101110101011000001111001101011100001011011010110
0011110011100110011110000110111010011000111011111011011001001010
0000111011011100001111111101101000101011010110011101000100110100
0010111010000111101111011111010110100001001001111011100110101001
1100101001100100100011011100100011100100001101000011011111100010
1000011110100000001001001000000111011110100001011100001001011111
0100010100001010100001110101001110000111001110110111000100000101
0001111110011100001001110101001100011011011000100011000000000011
1110110101000101000010010001010111010110101001110111110011000010
0100010010000100111110010100110011100111010010111111011100110101
1000001010111011100011100000001000011111110111101000100000101000
0000011000001111110100011111100110000111001101011101010111100110
0101010110001101001000010001111110000101111000001100000010100001
0111110001110011100011111101000010011000110001110010111010101001
1001001000111111001111001100001011111001010011010110010001110101
0111001110001111100000000101111100100010110011101100101101111111
